Input Value	Matrix: Impact Gov. & Coord. Overhead	Vendor Lock-in	Shared Persistency	Feature Envy	Cyclic Dependency	Stovepipe System
0.000000	1.000000e-004	2.498826e-001	2.839598e-001	1.438275e-001	1.374921e-001	1.848380e-001
0.100000	1.000800e-001	2.587223e-001	2.805045e-001	1.450666e-001	1.363259e-001	1.793806e-001
0.200000	2.000600e-001	2.677478e-001	2.769765e-001	1.463318e-001	1.351353e-001	1.738086e-001
0.300000	3.000400e-001	2.769648e-001	2.733737e-001	1.476239e-001	1.339193e-001	1.681183e-001
0.400000	4.000200e-001	2.863796e-001	2.696936e-001	1.489437e-001	1.326772e-001	1.623059e-001
0.500000	5.000000e-001	2.959987e-001	2.659336e-001	1.502921e-001	1.314082e-001	1.563674e-001
0.600000	5.999800e-001	3.058287e-001	2.620912e-001	1.516701e-001	1.301114e-001	1.502987e-001
0.700000	6.999600e-001	3.158766e-001	2.581636e-001	1.530786e-001	1.287858e-001	1.440954e-001
0.800000	7.999400e-001	3.261499e-001	2.541479e-001	1.545187e-001	1.274305e-001	1.377530e-001
0.900000	8.999200e-001	3.366561e-001	2.500412e-001	1.559915e-001	1.260444e-001	1.312668e-001
1.000000	9.999000e-001	3.474033e-001	2.458402e-001	1.574981e-001	1.246266e-001	1.246319e-001