Input Value	Matrix: Remediation Effort Scope	Vendor Lock-in	Shared Persistency	Feature Envy	Cyclic Dependency	Stovepipe System
0.000000	1.000000e-004	2.492937e-001	3.121972e-001	1.592678e-001	1.240018e-001	1.552395e-001
0.100000	1.000800e-001	2.552301e-001	3.044759e-001	1.571065e-001	1.258350e-001	1.573524e-001
0.200000	2.000600e-001	2.612736e-001	2.966152e-001	1.549063e-001	1.277015e-001	1.595035e-001
0.300000	3.000400e-001	2.674274e-001	2.886111e-001	1.526659e-001	1.296019e-001	1.616939e-001
0.400000	4.000200e-001	2.736943e-001	2.804597e-001	1.503842e-001	1.315373e-001	1.639245e-001
0.500000	5.000000e-001	2.800777e-001	2.721569e-001	1.480602e-001	1.335086e-001	1.661965e-001
0.600000	5.999800e-001	2.865806e-001	2.636986e-001	1.456927e-001	1.355169e-001	1.685112e-001
0.700000	6.999600e-001	2.932067e-001	2.550802e-001	1.432803e-001	1.375632e-001	1.708696e-001
0.800000	7.999400e-001	2.999593e-001	2.462971e-001	1.408219e-001	1.396486e-001	1.732731e-001
0.900000	8.999200e-001	3.068421e-001	2.373447e-001	1.383161e-001	1.417742e-001	1.757229e-001
1.000000	9.999000e-001	3.138590e-001	2.282180e-001	1.357614e-001	1.439411e-001	1.782205e-001