Input Value	Matrix: EA Smell Priorization Remediation Effort	Vendor Lock-in	Shared Persistency	Feature Envy	Cyclic Dependency	Stovepipe System
0.000000	1.000000e-004	3.663143e-001	2.994949e-001	5.206375e-002	1.157937e-001	1.663334e-001
0.100000	1.000800e-001	3.523459e-001	2.950667e-001	6.761302e-002	1.186631e-001	1.663112e-001
0.200000	2.000600e-001	3.369835e-001	2.901967e-001	8.471410e-002	1.218189e-001	1.662868e-001
0.300000	3.000400e-001	3.200074e-001	2.848151e-001	1.036115e-001	1.253062e-001	1.662599e-001
0.400000	4.000200e-001	3.011492e-001	2.788368e-001	1.246039e-001	1.291800e-001	1.662300e-001
0.500000	5.000000e-001	2.800777e-001	2.721569e-001	1.480602e-001	1.335086e-001	1.661965e-001
0.600000	5.999800e-001	2.563788e-001	2.646442e-001	1.744413e-001	1.383769e-001	1.661589e-001
0.700000	6.999600e-001	2.295284e-001	2.561323e-001	2.043304e-001	1.438925e-001	1.661163e-001
0.800000	7.999400e-001	1.988533e-001	2.464080e-001	2.384771e-001	1.501939e-001	1.660676e-001
0.900000	8.999200e-001	1.634735e-001	2.351922e-001	2.778610e-001	1.574617e-001	1.660115e-001
1.000000	9.999000e-001	1.222167e-001	2.221134e-001	3.237871e-001	1.659368e-001	1.659460e-001