Input Value	Matrix: Impact Evolution Constraint	Vendor Lock-in	Shared Persistency	Feature Envy	Cyclic Dependency	Stovepipe System
0.000000	1.000000e-004	2.851163e-001	2.525838e-001	1.571093e-001	1.255845e-001	1.796061e-001
0.100000	1.000800e-001	2.835000e-001	2.588627e-001	1.542064e-001	1.281265e-001	1.753044e-001
0.200000	2.000600e-001	2.819767e-001	2.647798e-001	1.514708e-001	1.305220e-001	1.712506e-001
0.300000	3.000400e-001	2.805388e-001	2.703657e-001	1.488884e-001	1.327834e-001	1.674238e-001
0.400000	4.000200e-001	2.791792e-001	2.756472e-001	1.464466e-001	1.349216e-001	1.638054e-001
0.500000	5.000000e-001	2.778917e-001	2.806487e-001	1.441343e-001	1.369465e-001	1.603788e-001
0.600000	5.999800e-001	2.766707e-001	2.853918e-001	1.419415e-001	1.388667e-001	1.571293e-001
0.700000	6.999600e-001	2.755111e-001	2.898960e-001	1.398591e-001	1.406902e-001	1.540435e-001
0.800000	7.999400e-001	2.744086e-001	2.941791e-001	1.378790e-001	1.424242e-001	1.511092e-001
0.900000	8.999200e-001	2.733589e-001	2.982567e-001	1.359938e-001	1.440751e-001	1.483156e-001
1.000000	9.999000e-001	2.723583e-001	3.021435e-001	1.341969e-001	1.456486e-001	1.456527e-001