Input Value	Matrix: Impact Op. Reliability Impact	Vendor Lock-in	Shared Persistency	Feature Envy	Cyclic Dependency	Stovepipe System
0.000000	1.000000e-004	3.053337e-001	2.773999e-001	1.444372e-001	1.364099e-001	1.364192e-001
0.100000	1.000800e-001	2.980466e-001	2.758872e-001	1.454826e-001	1.355728e-001	1.450108e-001
0.200000	2.000600e-001	2.905161e-001	2.743239e-001	1.465628e-001	1.347077e-001	1.538895e-001
0.300000	3.000400e-001	2.827296e-001	2.727075e-001	1.476798e-001	1.338133e-001	1.630698e-001
0.400000	4.000200e-001	2.746740e-001	2.710352e-001	1.488354e-001	1.328879e-001	1.725675e-001
0.500000	5.000000e-001	2.663350e-001	2.693041e-001	1.500316e-001	1.319299e-001	1.823993e-001
0.600000	5.999800e-001	2.576975e-001	2.675110e-001	1.512707e-001	1.309377e-001	1.925831e-001
0.700000	6.999600e-001	2.487451e-001	2.656526e-001	1.525549e-001	1.299093e-001	2.031382e-001
0.800000	7.999400e-001	2.394602e-001	2.637251e-001	1.538868e-001	1.288427e-001	2.140852e-001
0.900000	8.999200e-001	2.298240e-001	2.617247e-001	1.552691e-001	1.277357e-001	2.254464e-001
1.000000	9.999000e-001	2.198162e-001	2.596472e-001	1.567048e-001	1.265860e-001	2.372458e-001